981
792
812
475
654
931
227
26
40
552
498
727
825
111
676
826
711
692
70
34
174
143
900
224
771
873
349
34
848
693
165
728
889
486
769
148
17
985
790
300
513
774
498
690
313
138
785
944
671
219
999
156
814
744
699
861
784
215
654
157
114
509
332
811
929
245
229
962
238
277
111
365
618
852
995
274
354
27
772
391
330
332
927
150
298
321
401
912
254
987
266
808
126
335
790
155
929
580
930
498
635
497
546
442
623
200
475
407
37
337
652
424
749
740
375
594
583
771
209
982
359
225
619
71
205
573
603
918
9
323
924
222
963
842
330
281
979
747
432
385
819
176
219
380
996
274
267
96
106
144
6
597
88
325
686
699
17
702
446
443
912
776
196
74
964
41
171
21
351
892
793
132
495
39
598
504
660
54
961
340
951
157
636
266
283
13
45
474
805
379
254
608
983
173
273
837
458
373
52
660
876
899
852
36
154
767
54
15
807
437
535
723
465
253
327
168
954
972
87
284
26
463
226
637
816
440
945
936
648
450
827
986
903
880
422
745
304
80
819
281
840
215
645
476
741
821
487
934
591
924
929
883
177
273
30
276
278
251
56
948
75
486
494
345
597
407
849
968
491
945
748
755
819
449
799
917
42
23
631
858
405
463
416
407
964
551
788
895
575
248
727
376
791
913
553
708
542
437
91
277
744
795
142
83
503
14
616
3
645
866
585
597
137
267
808
256
582
159
729
81
918
517
716
442
989
224
548
30
289
478
90
432
130
225
622
357
298
947
903
752
428
661
301
600
742
933
125
872
828
472
829
599
279
725
937
379
581
552
199
352
591
20
603
572
613
778
267
491
326
344
607
79
336
662
540
708
318
739
653
681
683
91
337
392
846
653
848
182
378
23
906
137
695
704
73
811
533
259
283
230
782
901
959
80
328
872
630
231
306
433
209
696
883
308
175
619
156
683
890
861
449
959
145
513
986
601
679
204
854
688
304
303
582
356
974
42
522
810
821
270
914
26
988
964
385
346
222
114
353
270
770
838
815
951
16
118
683
602
7
941
881
375
920
996
85
684
182
44
526
248
24
256
16
114
586
35
593
381
870
764
351
303
592
50
198
721
403
750
209
84
868
472
342
611
38
957
58
145
218
82
468
256
379
153
691
208
469
251
882
539
884
476
897
509
817
738
939
99
873
833
587
96
406
504
728
862
838
134
138
330
178
894
248
531
888
326
735
343
564
283
930
238
75
727
851
661
24
22
584
295
641
492
961
751
178
611
453
587
247
707
640
196
278
192
108
184
570
628
351
496
163
309
38
50
397
722
463
547
62
536
981
312
882
465
638
353
873
6
118
549
106
428
622
783
130
212
686
262
383
723
333
460
561
907
557
920
66
176
69
447
648
387
120
773
39
49
990
656
96
601
961
634
8
450
98
784
849
876
93
306
366
725
514
879
60
372
28
968
37
790
586
46
553
59
659
547
412
931
363
289
442
76
97
708
459
451
450
277
532
110
672
132
130
130
138
891
698
136
758
407
631
847
762
608
427
439
73
146
525
310
238
680
720
943
161
10
74
934
204
430
757
969
750
195
929
661
42
311
431
991
319
730
669
976
494
857
171
679
342
947
11
640
894
590
86
91
958
82
772
541
618
593
189
278
85
180
977
4
786
774
923
796
529
751
909
708
584
178
291
54
264
292
636
384
322
672
737
530
594
405
959
401
911
789
279
516
591
376
887
14
505
346
919
762
412
624
168
180
651
168
605
31
292
891
979
925
665
433
386
305
3
576
595
419
307
539
173
104
209
105
772
786
749
440
481
467
393
138
955
772
599
537
357
2
249
910
920
354
198
755
946
716
994
950
322
637
36
379
662
178
353
47
781
683
471
570
525
394
436
344
293
817
181
886
141
439
224
17
812
35
558
952
83
77
794
682
385
234
951
538
416
428
226
773
690
472
803
56
949
783
317
162
603
204
282
548
372
295
621
736
533
16
520
285
234
394
103
287
907
705
272
452
615
791
385
847
612
447
587
473
202
801
325
445
968
494
136
401
746
661
192
763
542
722
207
187
270
521
712
53
763
919
200
604
586
936
950
830
93
193
116
316
728
804
879
520
981
912
194
892
374
878
772
367
897
804
634
238
641
569
892
834
304
442
954
361
82
15
33
150
512
31
528
99
990
20
777
226
448
188
311
455
791
949
855
145
957
634
976
87
426
81
278
618
727
977
862
287
385
892
811
523
618
4
160
49
522
54
473
902
94
436
900
676
164
430
960
848
84
124